1 1 237
2 2 238
3 35 239
4 3 240
5 4 241
6 36 242
7 5 243
8 37 244
9 7 245
10 38 246
11 8 247
12 39 248
13 9 249
14 10 250
15 11 251
16 40 252
17 12 253
18 13 254
19 14 255
20 41 256
21 15 257
22 16 258
23 17 259
24 19 260
25 20 261
26 42 262
27 21 263
28 43 264
29 22 265
30 44 266
31 23 267
32 24 268
33 45 269
34 46 270
35 25 271
36 26 272
37 47 273
38 48 274
39 27 275
40 49 276
41 28 277
42 29 278
43 50 279
44 51 280
45 30 281
46 31 282
47 52 283
48 53 284
49 32 285
50 33 286
51 6 287
52 54 288
53 18 289
54 55 290
55 34 291
56 56 292
57 57 293
58 58 294
59 59 295
60 60 296
61 61 297
62 62 298
63 63 299
64 64 300
65 65 301
66 66 302
67 67 303
68 68 304
69 69 305
70 70 306
71 71 307
72 72 308
73 73 309
74 74 310
75 75 311
76 76 312
77 77 313
78 78 314
79 79 315
80 80 316
81 81 317
82 82 318
83 83 319
84 84 320
85 85 321
86 86 322
87 87 323
88 88 324
89 89 325
90 90 326
91 91 327
92 92 328
93 93 329
94 94 330
95 95 331
96 96 332
97 97 333
98 98 334
99 99 335
100 100 336
101 101 337
102 102 338
103 103 339
104 104 340
105 105 341
106 106 342
107 107 343
108 108 344
109 109 345
110 110 346
111 111 347
112 112 348
113 113 349
114 114 350
115 115 351
116 116 352
117 117 353
118 118 354
119 119 355
120 120 356
121 121 357
122 122 358
123 123 359
124 124 360
125 125 361
126 126 362
127 127 363
128 128 364
129 129 365
130 130 366
131 131 367
132 132 368
133 133 369
134 134 370
135 135 371
136 136 372
137 137 373
138 138 374
139 139 375
140 140 376
141 141 377
142 142 378
143 143 379
144 144 380
145 145 381
146 146 382
147 147 383
148 148 384
149 149 385
150 150 386
151 151 387
152 152 388
153 153 389
154 154 390
155 155 391
156 156 392
157 157 393
158 158 394
159 159 395
160 160 396
161 161 397
162 162 398
163 163 399
164 164 400
165 165 401
166 166 402
167 167 403
168 168 404
169 169 405
170 170 406
171 171 407
172 172 408
173 173 409
174 174 410
175 175 411
176 176 412
177 177 413
178 178 414
179 179 415
180 180 416
181 181 417
182 182 418
183 183 419
184 184 420
185 185 421
186 186 422
187 187 423
188 188 424
189 189 425
190 190 426
191 191 427
192 192 428
193 193 429
194 194 430
195 195 431
196 196 432
197 197 433
198 198 434
199 199 435
200 200 436
201 201 437
202 202 438
203 203 439
204 204 440
205 205 441
206 206 442
207 207 443
208 208 444
209 209 445
210 210 446
211 211 447
212 212 448
213 213 449
214 214 450
215 215 451
216 216 452
217 217 453
218 218 454
219 219 455
220 220 456
221 221 457
222 222 458
223 223 459
224 224 460
225 225 461
226 226 462
227 227 463
228 228 464
229 229 465
230 230 466
231 231 467
232 232 468
233 233 469
234 234 470
235 235 471
236 236 472
237 237 119
238 238 120
239 239 121
240 240 122
241 241 123
242 242 124
243 243 125
244 244 126
245 245 127
246 246 128
247 247 129
248 248 130
249 249 131
250 250 132
251 251 133
252 252 134
253 253 135
254 254 136
255 255 137
256 256 138
257 257 139
258 258 140
259 259 141
260 260 142
261 261 143
262 262 144
263 263 145
264 264 146
265 265 147
266 266 148
267 267 149
268 268 150
269 269 151
270 270 152
271 271 153
272 272 154
273 273 155
274 274 156
275 275 157
276 276 158
277 277 159
278 278 160
279 279 161
280 280 162
281 281 163
282 282 164
283 283 165
284 284 166
285 285 167
286 286 168
287 287 169
288 288 170
289 289 171
290 290 172
291 291 173
292 292 174
293 293 175
294 294 176
295 295 177
296 296 178
297 297 179
298 298 180
299 299 181
300 300 182
301 301 183
302 302 184
303 303 185
304 304 186
305 305 187
306 306 188
307 307 189
308 308 190
309 309 191
310 310 192
311 311 193
312 312 194
313 313 195
314 314 196
315 315 197
316 316 198
317 317 199
318 318 200
319 319 201
320 320 202
321 321 203
322 322 204
323 323 205
324 324 206
325 325 207
326 326 208
327 327 209
328 328 210
329 329 211
330 330 212
331 331 213
332 332 214
333 333 215
334 334 216
335 335 217
336 336 218
337 337 219
338 338 220
339 339 221
340 340 222
341 341 223
342 342 224
343 343 225
344 344 226
345 345 227
346 346 228
347 347 229
348 348 230
349 349 231
350 350 232
351 351 233
352 352 234
353 353 235
354 354 236
355 355 60
356 356 61
357 357 62
358 358 63
359 359 64
360 360 65
361 361 66
362 362 67
363 363 68
364 364 69
365 365 70
366 366 71
367 367 72
368 368 73
369 369 74
370 370 75
371 371 76
372 372 77
373 373 78
374 374 79
375 375 80
376 376 81
377 377 82
378 378 83
379 379 84
380 380 85
381 381 86
382 382 87
383 383 88
384 384 89
385 385 90
386 386 91
387 387 92
388 388 93
389 389 94
390 390 95
391 391 96
392 392 97
393 393 98
394 394 99
395 395 100
396 396 101
397 397 102
398 398 103
399 399 104
400 400 105
401 401 106
402 402 107
403 403 108
404 404 109
405 405 110
406 406 111
407 407 112
408 408 113
409 409 114
410 410 115
411 411 116
412 412 117
413 413 118
414 414 59
415 415 35
416 416 3
417 417 4
418 418 36
419 419 5
420 420 37
421 421 6
422 422 38
423 423 8
424 424 39
425 425 9
426 426 10
427 427 11
428 428 40
429 429 12
430 430 56
431 431 14
432 432 41
433 433 15
434 434 57
435 435 17
436 436 18
437 437 20
438 438 42
439 439 21
440 440 43
441 441 22
442 442 44
443 443 23
444 444 58
445 445 45
446 446 46
447 447 25
448 448 26
449 449 47
450 450 48
451 451 27
452 452 49
453 453 28
454 454 29
455 455 50
456 456 51
457 457 30
458 458 31
459 459 52
460 460 53
461 461 32
462 462 33
463 463 1
464 464 54
465 465 7
466 466 55
467 467 34
468 468 19
469 469 13
470 470 16
471 471 24
472 472 2
