1 1 233
2 2 234
3 35 235
4 3 236
5 4 237
6 36 238
7 5 239
8 37 240
9 6 241
10 38 242
11 7 243
12 39 244
13 8 245
14 40 246
15 9 247
16 10 248
17 11 249
18 41 250
19 12 251
20 13 252
21 14 253
22 42 254
23 15 255
24 16 256
25 17 257
26 18 258
27 43 259
28 19 260
29 20 261
30 21 262
31 22 263
32 44 264
33 23 265
34 45 266
35 24 267
36 25 268
37 46 269
38 47 270
39 26 271
40 27 272
41 48 273
42 49 274
43 28 275
44 50 276
45 29 277
46 30 278
47 51 279
48 52 280
49 31 281
50 33 282
51 34 283
52 32 284
53 53 285
54 54 286
55 55 287
56 56 288
57 57 289
58 58 290
59 59 291
60 60 292
61 61 293
62 62 294
63 63 295
64 64 296
65 65 297
66 66 298
67 67 299
68 68 300
69 69 301
70 70 302
71 71 303
72 72 304
73 73 305
74 74 306
75 75 307
76 76 308
77 77 309
78 78 310
79 79 311
80 80 312
81 81 313
82 82 314
83 83 315
84 84 316
85 85 317
86 86 318
87 87 319
88 88 320
89 89 321
90 90 322
91 91 323
92 92 324
93 93 325
94 94 326
95 95 327
96 96 328
97 97 329
98 98 330
99 99 331
100 100 332
101 101 333
102 102 334
103 103 335
104 104 336
105 105 337
106 106 338
107 107 339
108 108 340
109 109 341
110 110 342
111 111 343
112 112 344
113 113 345
114 114 346
115 115 347
116 116 348
117 117 349
118 118 350
119 119 351
120 120 352
121 121 353
122 122 354
123 123 355
124 124 356
125 125 357
126 126 358
127 127 359
128 128 360
129 129 361
130 130 362
131 131 363
132 132 364
133 133 365
134 134 366
135 135 367
136 136 368
137 137 369
138 138 370
139 139 371
140 140 372
141 141 373
142 142 374
143 143 375
144 144 376
145 145 377
146 146 378
147 147 379
148 148 380
149 149 381
150 150 382
151 151 383
152 152 384
153 153 385
154 154 386
155 155 387
156 156 388
157 157 389
158 158 390
159 159 391
160 160 392
161 161 393
162 162 394
163 163 395
164 164 396
165 165 397
166 166 398
167 167 399
168 168 400
169 169 401
170 170 402
171 171 403
172 172 404
173 173 405
174 174 406
175 175 407
176 176 408
177 177 409
178 178 410
179 179 411
180 180 412
181 181 413
182 182 414
183 183 415
184 184 416
185 185 417
186 186 418
187 187 419
188 188 420
189 189 421
190 190 422
191 191 423
192 192 424
193 193 425
194 194 426
195 195 427
196 196 428
197 197 429
198 198 430
199 199 431
200 200 432
201 201 433
202 202 434
203 203 435
204 204 436
205 205 437
206 206 438
207 207 439
208 208 440
209 209 441
210 210 442
211 211 443
212 212 444
213 213 445
214 214 446
215 215 447
216 216 448
217 217 449
218 218 450
219 219 451
220 220 452
221 221 453
222 222 454
223 223 455
224 224 456
225 225 457
226 226 458
227 227 459
228 228 460
229 229 461
230 230 462
231 231 463
232 232 464
233 233 117
234 234 118
235 235 119
236 236 120
237 237 121
238 238 122
239 239 123
240 240 124
241 241 125
242 242 126
243 243 127
244 244 128
245 245 129
246 246 130
247 247 131
248 248 132
249 249 133
250 250 134
251 251 135
252 252 136
253 253 137
254 254 138
255 255 139
256 256 140
257 257 141
258 258 142
259 259 143
260 260 144
261 261 145
262 262 146
263 263 147
264 264 148
265 265 149
266 266 150
267 267 151
268 268 152
269 269 153
270 270 154
271 271 155
272 272 156
273 273 157
274 274 158
275 275 159
276 276 160
277 277 161
278 278 162
279 279 163
280 280 164
281 281 165
282 282 166
283 283 167
284 284 168
285 285 169
286 286 170
287 287 171
288 288 172
289 289 173
290 290 174
291 291 175
292 292 176
293 293 177
294 294 178
295 295 179
296 296 180
297 297 181
298 298 182
299 299 183
300 300 184
301 301 185
302 302 186
303 303 187
304 304 188
305 305 189
306 306 190
307 307 191
308 308 192
309 309 193
310 310 194
311 311 195
312 312 196
313 313 197
314 314 198
315 315 199
316 316 200
317 317 201
318 318 202
319 319 203
320 320 204
321 321 205
322 322 206
323 323 207
324 324 208
325 325 209
326 326 210
327 327 211
328 328 212
329 329 213
330 330 214
331 331 215
332 332 216
333 333 217
334 334 218
335 335 219
336 336 220
337 337 221
338 338 222
339 339 223
340 340 224
341 341 225
342 342 226
343 343 227
344 344 228
345 345 229
346 346 230
347 347 231
348 348 232
349 349 59
350 350 60
351 351 61
352 352 62
353 353 63
354 354 64
355 355 65
356 356 66
357 357 67
358 358 68
359 359 69
360 360 70
361 361 71
362 362 72
363 363 73
364 364 74
365 365 75
366 366 76
367 367 77
368 368 78
369 369 79
370 370 80
371 371 81
372 372 82
373 373 83
374 374 84
375 375 85
376 376 86
377 377 87
378 378 88
379 379 89
380 380 90
381 381 91
382 382 92
383 383 93
384 384 94
385 385 95
386 386 96
387 387 97
388 388 98
389 389 99
390 390 100
391 391 101
392 392 102
393 393 103
394 394 104
395 395 105
396 396 106
397 397 107
398 398 108
399 399 109
400 400 110
401 401 111
402 402 112
403 403 113
404 404 114
405 405 115
406 406 116
407 407 2
408 408 35
409 409 3
410 410 4
411 411 36
412 412 5
413 413 37
414 414 6
415 415 38
416 416 7
417 417 39
418 418 8
419 419 40
420 420 9
421 421 10
422 422 11
423 423 41
424 424 12
425 425 55
426 426 14
427 427 42
428 428 15
429 429 56
430 430 17
431 431 18
432 432 43
433 433 19
434 434 20
435 435 21
436 436 22
437 437 44
438 438 23
439 439 45
440 440 24
441 441 57
442 442 46
443 443 47
444 444 26
445 445 27
446 446 48
447 447 49
448 448 28
449 449 50
450 450 29
451 451 30
452 452 51
453 453 52
454 454 31
455 455 32
456 456 58
457 457 1
458 458 53
459 459 54
460 460 33
461 461 13
462 462 16
463 463 25
464 464 34
