1 -4.809952e-001 4.956580e-001 -1.491708e+001 2.012800e+000
2 -5.552411e-001 4.770965e-001 -1.470733e+001 3.746957e+000
3 -6.341274e-001 4.446139e-001 -1.466710e+001 6.086940e+000
4 -6.480486e-001 3.935699e-001 -1.361402e+001 7.091861e+000
5 -6.898119e-001 3.100432e-001 -1.225595e+001 9.242016e+000
6 -8.058212e-001 2.914817e-001 -1.291854e+001 1.176639e+001
7 -8.847075e-001 1.847532e-001 -1.105210e+001 1.322663e+001
8 -9.171901e-001 8.730536e-002 -9.590046e+000 1.295558e+001
9 -8.939882e-001 2.234016e-002 -9.273529e+000 1.216966e+001
10 -8.661460e-001 -1.478281e-002 -9.318178e+000 1.167590e+001
11 -8.058212e-001 -1.478281e-002 -9.790118e+000 1.147484e+001
12 -7.362156e-001 4.090165e-002 -1.024043e+001 1.161822e+001
13 -6.712504e-001 1.151476e-001 -1.009844e+001 1.146955e+001
14 -5.970045e-001 5.018239e-002 -1.019484e+001 1.226319e+001
15 -6.155660e-001 -6.118652e-002 -1.119711e+001 1.158435e+001
16 -6.619697e-001 -1.447132e-001 -1.121461e+001 1.049902e+001
17 -6.573293e-001 -2.468014e-001 -1.166014e+001 9.266662e+000
18 -5.598815e-001 -3.303280e-001 -1.328544e+001 8.378849e+000
19 -3.557052e-001 -2.282399e-001 -1.606054e+001 1.102919e+001
20 -3.557052e-001 -1.215113e-001 -1.558649e+001 1.275716e+001
21 -3.417841e-001 3.778679e-003 -1.565581e+001 1.588484e+001
22 -2.211344e-001 6.410351e-002 -1.992483e+001 1.483248e+001
23 -8.192327e-002 -2.870392e-002 -1.853921e+001 1.304343e+001
24 -1.695807e-002 -6.582689e-002 -1.831185e+001 1.327801e+001
25 6.192824e-002 3.626128e-002 -1.711982e+001 1.267541e+001
26 8.048972e-002 8.266499e-002 -1.662667e+001 1.212621e+001
27 -3.036957e-003 1.847532e-001 -1.779784e+001 9.920532e+000
28 -8.192327e-002 2.914817e-001 -1.913472e+001 6.719187e+000
29 -8.192327e-002 3.796487e-001 -1.782749e+001 4.786970e+000
30 -1.793711e-001 4.724562e-001 -1.732975e+001 1.908279e+000
31 -2.350555e-001 4.724562e-001 -1.736654e+001 1.020476e+000
32 -3.696263e-001 5.142195e-001 -1.590767e+001 6.286297e-001
33 -4.345915e-001 5.281406e-001 -1.560101e+001 1.330023e+000
34 -4.253107e-001 -3.024858e-001 -1.531314e+001 9.538835e+000
35 -5.998290e-001 4.587368e-001 -1.460874e+001 5.018157e+000
36 -6.662065e-001 3.572539e-001 -1.292501e+001 8.073541e+000
37 -7.402507e-001 3.019730e-001 -1.261962e+001 1.039073e+001
38 -9.030672e-001 1.296740e-001 -1.019958e+001 1.307447e+001
39 -9.040760e-001 5.058590e-002 -9.371994e+000 1.251226e+001
40 -7.755579e-001 9.427827e-003 -1.004637e+001 1.155515e+001
41 -6.069828e-001 -9.687652e-003 -1.082985e+001 1.202550e+001
42 -3.478367e-001 -5.069524e-002 -1.553628e+001 1.426394e+001
43 -2.794759e-001 3.493278e-002 -1.813309e+001 1.614109e+001
44 -1.448225e-001 1.322890e-002 -1.896408e+001 1.335092e+001
45 1.645493e-002 -2.258654e-002 -1.792267e+001 1.311252e+001
46 4.215723e-002 1.067527e-002 -1.750660e+001 1.290255e+001
47 5.955572e-002 1.082510e-001 -1.685490e+001 1.158795e+001
48 3.234151e-002 1.415128e-001 -1.721618e+001 1.089185e+001
49 -4.310176e-002 2.389585e-001 -1.853117e+001 8.499827e+000
50 -1.231981e-001 4.189582e-001 -1.781170e+001 3.402646e+000
51 -1.549481e-001 4.491962e-001 -1.762373e+001 2.481978e+000
52 -2.740142e-001 4.845468e-001 -1.695829e+001 5.432761e-001
53 -3.186002e-001 4.983838e-001 -1.640646e+001 3.629855e-001
54 -8.504091e-001 2.311569e-001 -1.187685e+001 1.270143e+001
55 -4.838198e-001 -3.145911e-001 -1.446187e+001 8.941823e+000
56 -7.037330e-001 7.802462e-002 -1.026883e+001 1.161563e+001
57 -6.387678e-001 -1.029499e-001 -1.125571e+001 1.106632e+001
58 -4.944067e-002 -4.726540e-002 -1.840496e+001 1.309951e+001
59 -5.181182e-001 4.863773e-001 -1.474831e+001 2.841183e+000
60 -4.995567e-001 4.910177e-001 -1.482134e+001 2.443519e+000
61 -5.775351e-001 4.679167e-001 -1.466439e+001 4.358225e+000
62 -6.169782e-001 4.516754e-001 -1.467543e+001 5.575181e+000
63 -6.410880e-001 4.190919e-001 -1.414740e+001 6.572367e+000
64 -6.571275e-001 3.754119e-001 -1.325982e+001 7.580721e+000
65 -6.780092e-001 3.336485e-001 -1.255350e+001 8.673161e+000
66 -7.150313e-001 3.060081e-001 -1.247149e+001 9.789663e+000
67 -7.730359e-001 2.967273e-001 -1.285120e+001 1.108573e+001
68 -8.938874e-001 1.572136e-001 -1.059415e+001 1.316943e+001
69 -9.101287e-001 1.084897e-001 -9.881415e+000 1.303982e+001
70 -9.106330e-001 6.894563e-002 -9.479211e+000 1.271895e+001
71 -8.990321e-001 3.646303e-002 -9.316005e+000 1.234594e+001
72 -8.800671e-001 3.778679e-003 -9.284963e+000 1.192344e+001
73 -8.359836e-001 -1.478281e-002 -9.572904e+000 1.156445e+001
74 -7.906895e-001 -2.677489e-003 -9.925885e+000 1.151626e+001
75 -7.558868e-001 2.516474e-002 -1.016250e+001 1.159157e+001
76 -7.199743e-001 5.946313e-002 -1.027375e+001 1.163082e+001
77 -6.341274e-001 8.266499e-002 -1.002079e+001 1.182192e+001
78 -6.019936e-001 2.024737e-002 -1.054467e+001 1.219237e+001
79 -6.112744e-001 -3.543709e-002 -1.103829e+001 1.182267e+001
80 -6.271669e-001 -8.206819e-002 -1.124430e+001 1.132055e+001
81 -6.596495e-001 -1.957573e-001 -1.142620e+001 9.931051e+000
82 -6.086054e-001 -2.885647e-001 -1.246392e+001 8.847336e+000
83 -3.557052e-001 -1.748756e-001 -1.578915e+001 1.186571e+001
84 -3.517709e-001 -8.610329e-002 -1.553051e+001 1.348442e+001
85 -3.448104e-001 -2.345828e-002 -1.558885e+001 1.499235e+001
86 -3.106300e-001 1.935573e-002 -1.687190e+001 1.615689e+001
87 -2.503051e-001 4.951814e-002 -1.917759e+001 1.562204e+001
88 -1.829785e-001 3.866620e-002 -1.940222e+001 1.388126e+001
89 -1.133729e-001 -7.737510e-003 -1.871544e+001 1.310679e+001
90 -6.568197e-002 -3.798466e-002 -1.846165e+001 1.305885e+001
91 -2.515715e-004 -4.420671e-002 -1.812178e+001 1.321271e+001
92 2.930608e-002 -5.955633e-003 -1.772358e+001 1.302101e+001
93 5.204274e-002 2.346827e-002 -1.731471e+001 1.279092e+001
94 7.120898e-002 5.946313e-002 -1.689287e+001 1.241344e+001
95 7.002272e-002 9.545799e-002 -1.673269e+001 1.185733e+001
96 4.594862e-002 1.248819e-001 -1.702062e+001 1.125262e+001
97 1.465228e-002 1.631330e-001 -1.748526e+001 1.043060e+001
98 -2.306936e-002 2.118558e-001 -1.816196e+001 9.257722e+000
99 -6.251252e-002 2.652201e-001 -1.886483e+001 7.666720e+000
100 -8.192327e-002 3.355652e-001 -1.850700e+001 5.657810e+000
101 -1.025607e-001 3.993035e-001 -1.785697e+001 4.056777e+000
102 -1.390731e-001 4.340772e-001 -1.772338e+001 2.908743e+000
103 -1.671596e-001 4.608262e-001 -1.748246e+001 2.188570e+000
104 -2.072133e-001 4.724562e-001 -1.741569e+001 1.458692e+000
105 -2.545349e-001 4.785015e-001 -1.718397e+001 7.434506e-001
106 -2.963072e-001 4.914653e-001 -1.668343e+001 4.099211e-001
107 -3.441132e-001 5.063017e-001 -1.612936e+001 4.378713e-001
108 -4.021089e-001 5.211801e-001 -1.568434e+001 9.300336e-001
109 -4.577933e-001 5.118993e-001 -1.527575e+001 1.620561e+000
110 -8.281151e-001 2.613193e-001 -1.241604e+001 1.230125e+001
111 -8.675583e-001 2.079550e-001 -1.148174e+001 1.298884e+001
112 -5.218506e-001 -3.224596e-001 -1.389722e+001 8.681548e+000
113 -4.545653e-001 -3.085385e-001 -1.487712e+001 9.218218e+000
114 -3.905080e-001 -2.653629e-001 -1.569024e+001 1.026362e+001
115 -6.874917e-001 9.658610e-002 -1.022524e+001 1.157091e+001
116 -6.503687e-001 -1.238315e-001 -1.124674e+001 1.080914e+001
117 -3.319937e-002 -5.654615e-002 -1.835991e+001 1.316480e+001
118 -5.366796e-001 4.817369e-001 -1.471637e+001 3.258722e+000
119 -4.902759e-001 4.933378e-001 -1.486648e+001 2.236514e+000
120 -5.663881e-001 4.725066e-001 -1.468455e+001 4.044803e+000
121 -6.084036e-001 4.552061e-001 -1.466349e+001 5.307613e+000
122 -6.376077e-001 4.318529e-001 -1.442268e+001 6.317646e+000
123 -6.525881e-001 3.844909e-001 -1.342918e+001 7.337617e+000
124 -6.721079e-001 3.454512e-001 -1.273540e+001 8.369970e+000
125 -7.024216e-001 3.080256e-001 -1.235790e+001 9.508940e+000
126 -7.566433e-001 2.993502e-001 -1.276896e+001 1.073716e+001
127 -8.892974e-001 1.709834e-001 -1.081490e+001 1.318712e+001
128 -9.065979e-001 1.190818e-001 -1.003337e+001 1.307497e+001
129 -9.139116e-001 7.812550e-002 -9.535240e+000 1.283070e+001
130 -9.015541e-001 4.352447e-002 -9.343719e+000 1.243032e+001
131 -8.870277e-001 1.305942e-002 -9.275628e+000 1.204783e+001
132 -8.510648e-001 -1.478281e-002 -9.448172e+000 1.162071e+001
133 -7.982554e-001 -8.730148e-003 -9.859692e+000 1.149406e+001
134 -7.657223e-001 1.729628e-002 -1.010811e+001 1.157442e+001
135 -7.280950e-001 5.018239e-002 -1.026221e+001 1.162780e+001
136 -6.526889e-001 9.890629e-002 -1.003312e+001 1.163855e+001
137 -5.994991e-001 3.521488e-002 -1.037847e+001 1.224435e+001
138 -6.091286e-001 -2.256237e-002 -1.094031e+001 1.192857e+001
139 -6.213664e-001 -7.162735e-002 -1.122764e+001 1.145323e+001
140 -6.608096e-001 -1.702352e-001 -1.132115e+001 1.022972e+001
141 -6.329674e-001 -2.676830e-001 -1.205290e+001 9.052842e+000
142 -3.557052e-001 -2.015577e-001 -1.591176e+001 1.143686e+001
143 -3.537381e-001 -1.038073e-001 -1.554882e+001 1.312268e+001
144 -3.463236e-001 -3.707676e-002 -1.555737e+001 1.462226e+001
145 -3.262070e-001 1.156720e-002 -1.627647e+001 1.604440e+001
146 -2.648905e-001 4.222546e-002 -1.868626e+001 1.590186e+001
147 -2.020564e-001 5.138485e-002 -1.966137e+001 1.430782e+001
148 -1.290977e-001 2.745694e-003 -1.883179e+001 1.319548e+001
149 -7.380262e-002 -3.334429e-002 -1.849633e+001 1.304679e+001
150 -8.604821e-003 -5.501680e-002 -1.821810e+001 1.324735e+001
151 2.288050e-002 -1.427109e-002 -1.782731e+001 1.307339e+001
152 4.709999e-002 1.707177e-002 -1.741037e+001 1.284711e+001
153 6.656861e-002 4.786221e-002 -1.701566e+001 1.255451e+001
154 7.525622e-002 8.906149e-002 -1.667664e+001 1.198792e+001
155 5.275217e-002 1.165664e-001 -1.693402e+001 1.142379e+001
156 2.349689e-002 1.523229e-001 -1.734439e+001 1.066783e+001
157 -1.305316e-002 1.983045e-001 -1.797683e+001 9.602936e+000
158 -5.280714e-002 2.520893e-001 -1.870369e+001 8.094293e+000
159 -8.192327e-002 3.135235e-001 -1.882602e+001 6.185717e+000
160 -9.224199e-002 3.894761e-001 -1.784485e+001 4.406785e+000
161 -1.311356e-001 4.265177e-001 -1.777056e+001 3.145810e+000
162 -1.610538e-001 4.550112e-001 -1.755050e+001 2.335699e+000
163 -1.932922e-001 4.724562e-001 -1.739161e+001 1.686418e+000
164 -2.447952e-001 4.754788e-001 -1.728271e+001 8.698108e-001
165 -2.851607e-001 4.880061e-001 -1.682375e+001 4.654028e-001
166 -3.313567e-001 5.023427e-001 -1.626665e+001 3.883760e-001
167 -3.858676e-001 5.176998e-001 -1.577553e+001 7.636768e-001
168 -4.461924e-001 5.200200e-001 -1.544137e+001 1.464115e+000
169 -8.169682e-001 2.764005e-001 -1.268310e+001 1.203778e+001
170 -8.589837e-001 2.195559e-001 -1.168813e+001 1.285465e+001
171 -5.408661e-001 -3.263938e-001 -1.361118e+001 8.533780e+000
172 -4.691925e-001 -3.115648e-001 -1.465938e+001 9.079310e+000
173 -4.079093e-001 -2.839243e-001 -1.550833e+001 9.882923e+000
174 -6.956124e-001 8.730536e-002 -1.025393e+001 1.159909e+001
175 -6.445683e-001 -1.133907e-001 -1.125526e+001 1.094509e+001
176 -4.132002e-002 -5.190578e-002 -1.838324e+001 1.312614e+001
177 -5.273989e-001 4.840571e-001 -1.472832e+001 3.029503e+000
178 -5.088374e-001 4.886975e-001 -1.478275e+001 2.656051e+000
179 -5.886821e-001 4.633267e-001 -1.464949e+001 4.679981e+000
180 -6.255528e-001 4.481447e-001 -1.468218e+001 5.839185e+000
181 -6.445683e-001 4.063309e-001 -1.387346e+001 6.831381e+000
182 -6.616670e-001 3.663329e-001 -1.309320e+001 7.823036e+000
183 -6.839106e-001 3.218459e-001 -1.238698e+001 8.971662e+000
184 -7.276410e-001 3.039905e-001 -1.257314e+001 1.007095e+001
185 -7.894286e-001 2.941045e-001 -1.290531e+001 1.143850e+001
186 -8.984773e-001 1.434438e-001 -1.038625e+001 1.313960e+001
187 -9.136594e-001 9.789751e-002 -9.734967e+000 1.299645e+001
188 -9.073545e-001 5.976577e-002 -9.426095e+000 1.261001e+001
189 -8.965102e-001 2.940160e-002 -9.291791e+000 1.226087e+001
190 -8.731066e-001 -5.502063e-003 -9.299664e+000 1.180151e+001
191 -8.209024e-001 -1.478281e-002 -9.690111e+000 1.151480e+001
192 -7.831237e-001 3.375169e-003 -9.987584e+000 1.153660e+001
193 -7.460512e-001 3.303319e-002 -1.020690e+001 1.160622e+001
194 -7.118537e-001 6.874388e-002 -1.027519e+001 1.162607e+001
195 -6.155660e-001 6.642369e-002 -1.007737e+001 1.203695e+001
196 -6.044882e-001 5.279859e-003 -1.069551e+001 1.211748e+001
197 -6.134202e-001 -4.831180e-002 -1.112573e+001 1.170749e+001
198 -6.329674e-001 -9.250902e-002 -1.125222e+001 1.118715e+001
199 -6.584894e-001 -2.212793e-001 -1.153191e+001 9.615809e+000
200 -5.842435e-001 -3.094464e-001 -1.288648e+001 8.632087e+000
201 -3.557052e-001 -1.481935e-001 -1.567866e+001 1.230993e+001
202 -3.498038e-001 -6.839927e-002 -1.552611e+001 1.386701e+001
203 -3.432972e-001 -9.839802e-003 -1.562971e+001 1.539198e+001
204 -2.950529e-001 2.714425e-002 -1.748880e+001 1.618241e+001
205 -2.357198e-001 5.681082e-002 -1.960137e+001 1.526911e+001
206 -1.639005e-001 2.594755e-002 -1.917324e+001 1.356679e+001
207 -9.764807e-002 -1.822071e-002 -1.861669e+001 1.305834e+001
208 -5.756132e-002 -4.262503e-002 -1.843012e+001 1.307820e+001
209 8.101678e-003 -3.339663e-002 -1.801933e+001 1.316692e+001
210 3.573166e-002 2.359819e-003 -1.761593e+001 1.296349e+001
211 5.698549e-002 2.986478e-002 -1.721689e+001 1.273243e+001
212 7.584935e-002 7.106406e-002 -1.676494e+001 1.226680e+001
213 6.478922e-002 1.018545e-001 -1.679147e+001 1.172551e+001
214 3.914506e-002 1.331974e-001 -1.711416e+001 1.107720e+001
215 5.807660e-003 1.739431e-001 -1.763672e+001 1.018400e+001
216 -3.308556e-002 2.254072e-001 -1.834827e+001 8.889841e+000
217 -7.221789e-002 2.783509e-001 -1.901173e+001 7.214261e+000
218 -8.192327e-002 3.576070e-001 -1.817044e+001 5.180060e+000
219 -1.128794e-001 4.091308e-001 -1.784434e+001 3.718937e+000
220 -1.470106e-001 4.416367e-001 -1.767031e+001 2.684507e+000
221 -1.732653e-001 4.666412e-001 -1.741276e+001 2.048470e+000
222 -2.211344e-001 4.724562e-001 -1.740893e+001 1.232627e+000
223 -2.642745e-001 4.815241e-001 -1.707590e+001 6.349147e-001
224 -3.074537e-001 4.949246e-001 -1.654226e+001 3.779443e-001
225 -3.568698e-001 5.102606e-001 -1.600688e+001 5.137277e-001
226 -4.183502e-001 5.246603e-001 -1.562408e+001 1.121766e+000
227 -4.693943e-001 5.037787e-001 -1.510161e+001 1.802418e+000
228 -8.392621e-001 2.462381e-001 -1.214364e+001 1.252879e+001
229 -8.761329e-001 1.963541e-001 -1.126906e+001 1.310416e+001
230 -5.028352e-001 -3.185254e-001 -1.418514e+001 8.828073e+000
231 -4.399380e-001 -3.055122e-001 -1.509865e+001 9.362289e+000
232 -3.731066e-001 -2.468014e-001 -1.587206e+001 1.064725e+001
233 -6.793711e-001 1.058668e-001 -1.018286e+001 1.153104e+001
234 -6.561692e-001 -1.342724e-001 -1.123220e+001 1.067029e+001
235 -2.507872e-002 -6.118652e-002 -1.833823e+001 1.321183e+001
236 -5.459604e-001 4.794167e-001 -1.471141e+001 3.495202e+000
237 -4.856356e-001 4.944979e-001 -1.489106e+001 2.133595e+000
238 -5.608146e-001 4.748016e-001 -1.469740e+001 3.893143e+000
239 -6.041163e-001 4.569715e-001 -1.465308e+001 5.171540e+000
240 -6.358676e-001 4.382334e-001 -1.455858e+001 6.190500e+000
241 -6.503183e-001 3.890304e-001 -1.351596e+001 7.216344e+000
242 -6.691572e-001 3.513526e-001 -1.283112e+001 8.217746e+000
243 -6.961168e-001 3.090344e-001 -1.229953e+001 9.367715e+000
244 -7.484470e-001 3.006616e-001 -1.271308e+001 1.056804e+001
245 -8.870025e-001 1.778683e-001 -1.093078e+001 1.319461e+001
246 -9.048326e-001 1.243779e-001 -1.011231e+001 1.308719e+001
247 -9.155508e-001 8.271543e-002 -9.563814e+000 1.288794e+001
248 -9.028150e-001 4.705518e-002 -9.357936e+000 1.247278e+001
249 -8.905080e-001 1.769979e-002 -9.273509e+000 1.211069e+001
250 -8.586054e-001 -1.478281e-002 -9.382544e+000 1.165041e+001
251 -8.020383e-001 -1.175648e-002 -9.824340e+000 1.148236e+001
252 -7.706401e-001 1.336205e-002 -1.007762e+001 1.156508e+001
253 -7.321553e-001 4.554202e-002 -1.025272e+001 1.162363e+001
254 -6.619697e-001 1.070269e-001 -1.005858e+001 1.156161e+001
255 -5.982518e-001 4.269864e-002 -1.028945e+001 1.225952e+001
256 -6.080557e-001 -1.612501e-002 -1.088706e+001 1.197757e+001
257 -6.184662e-001 -6.640694e-002 -1.121512e+001 1.151936e+001
258 -6.613896e-001 -1.574742e-001 -1.126905e+001 1.037106e+001
259 -6.451483e-001 -2.572422e-001 -1.185730e+001 9.152748e+000
260 -3.557052e-001 -2.148988e-001 -1.597854e+001 1.122741e+001
261 -3.547216e-001 -1.126593e-001 -1.556367e+001 1.294805e+001
262 -3.470801e-001 -4.388600e-002 -1.554542e+001 1.444628e+001
263 -3.339955e-001 7.672941e-003 -1.599105e+001 1.596301e+001
264 -2.721832e-001 3.857912e-002 -1.842255e+001 1.601569e+001
265 -2.115954e-001 5.774418e-002 -1.980241e+001 1.456992e+001
266 -1.369601e-001 7.987296e-003 -1.889570e+001 1.325797e+001
267 -7.786294e-002 -3.102411e-002 -1.851502e+001 1.304338e+001
268 -1.278145e-002 -6.042185e-002 -1.826337e+001 1.326118e+001
269 1.966772e-002 -1.842881e-002 -1.787781e+001 1.309757e+001
270 4.462861e-002 1.387352e-002 -1.745785e+001 1.287484e+001
271 6.424843e-002 4.206174e-002 -1.707490e+001 1.262304e+001
272 7.787297e-002 8.586324e-002 -1.664912e+001 1.205308e+001
273 5.615394e-002 1.124087e-001 -1.689354e+001 1.150779e+001
274 2.791920e-002 1.469178e-001 -1.727836e+001 1.078291e+001
275 -8.045058e-003 1.915288e-001 -1.788644e+001 9.766870e+000
276 -4.795445e-002 2.455239e-001 -1.861862e+001 8.299416e+000
277 -8.192327e-002 3.025026e-001 -1.897474e+001 6.464527e+000
278 -8.708263e-002 3.845624e-001 -1.782881e+001 4.586986e+000
279 -1.271669e-001 4.227379e-001 -1.779066e+001 3.269689e+000
280 -1.580009e-001 4.521037e-001 -1.758504e+001 2.411042e+000
281 -1.863316e-001 4.724562e-001 -1.736788e+001 1.799148e+000
282 -2.399254e-001 4.739675e-001 -1.732725e+001 9.405580e-001
283 -2.795874e-001 4.862764e-001 -1.689266e+001 5.019333e-001
284 -3.249784e-001 5.003633e-001 -1.633947e+001 3.741776e-001
285 -3.777469e-001 5.159597e-001 -1.583188e+001 6.926040e-001
286 -4.403919e-001 5.240803e-001 -1.552012e+001 1.395381e+000
287 -8.113947e-001 2.839411e-001 -1.281402e+001 1.189224e+001
288 -8.546964e-001 2.253564e-001 -1.178703e+001 1.277892e+001
289 -5.503738e-001 -3.283609e-001 -1.346835e+001 8.458293e+000
290 -4.765061e-001 -3.130780e-001 -1.455262e+001 9.008515e+000
291 -4.166100e-001 -2.932051e-001 -1.541566e+001 9.699371e+000
292 -6.996727e-001 8.266499e-002 -1.026373e+001 1.160950e+001
293 -6.416680e-001 -1.081703e-001 -1.125753e+001 1.101235e+001
294 -4.538034e-002 -4.958559e-002 -1.839566e+001 1.310957e+001
295 -5.227585e-001 4.852172e-001 -1.473674e+001 2.917243e+000
296 -5.041971e-001 4.898576e-001 -1.480122e+001 2.548941e+000
297 -5.831086e-001 4.656217e-001 -1.465672e+001 4.518451e+000
298 -6.212655e-001 4.499100e-001 -1.467959e+001 5.707369e+000
299 -6.428281e-001 4.127114e-001 -1.400985e+001 6.701247e+000
300 -6.593973e-001 3.708724e-001 -1.317622e+001 7.702023e+000
301 -6.809599e-001 3.277472e-001 -1.246819e+001 8.823257e+000
302 -7.213362e-001 3.049993e-001 -1.252427e+001 9.929958e+000
303 -7.812323e-001 2.954159e-001 -1.288179e+001 1.126191e+001
304 -8.961823e-001 1.503287e-001 -1.048861e+001 1.315631e+001
305 -9.118940e-001 1.031936e-001 -9.807577e+000 1.301894e+001
306 -9.089938e-001 6.435570e-002 -9.452241e+000 1.266420e+001
307 -8.977711e-001 3.293232e-002 -9.303333e+000 1.230356e+001
308 -8.765868e-001 -8.616920e-004 -9.291619e+000 1.186219e+001
309 -8.284430e-001 -1.478281e-002 -9.632421e+000 1.153867e+001
310 -7.869066e-001 3.488396e-004 -9.957251e+000 1.152665e+001
311 -7.509690e-001 2.909897e-002 -1.018601e+001 1.159924e+001
312 -7.159140e-001 6.410351e-002 -1.027576e+001 1.162946e+001
313 -6.248467e-001 7.454434e-002 -1.003994e+001 1.192631e+001
314 -6.032409e-001 1.276361e-002 -1.062201e+001 1.215750e+001
315 -6.123473e-001 -4.187444e-002 -1.108333e+001 1.176617e+001
316 -6.300671e-001 -8.728861e-002 -1.124926e+001 1.125393e+001
317 -6.590694e-001 -2.085183e-001 -1.147871e+001 9.775242e+000
318 -5.964244e-001 -2.990055e-001 -1.267440e+001 8.741074e+000
319 -3.557052e-001 -1.615345e-001 -1.573238e+001 1.208566e+001
320 -3.507874e-001 -7.725128e-002 -1.552654e+001 1.367282e+001
321 -3.440538e-001 -1.664904e-002 -1.560833e+001 1.518808e+001
322 -3.028414e-001 2.324999e-002 -1.717886e+001 1.618105e+001
323 -2.430125e-001 5.316448e-002 -1.939930e+001 1.545423e+001
324 -1.734395e-001 3.230688e-002 -1.928399e+001 1.371120e+001
325 -1.055105e-001 -1.297911e-002 -1.866383e+001 1.307799e+001
326 -6.162164e-002 -4.030485e-002 -1.844553e+001 1.306761e+001
327 3.925053e-003 -3.880167e-002 -1.807121e+001 1.319125e+001
328 3.251887e-002 -1.797907e-003 -1.767023e+001 1.299283e+001
329 5.451411e-002 2.666653e-002 -1.726616e+001 1.276204e+001
330 7.352917e-002 6.526360e-002 -1.682955e+001 1.234071e+001
331 6.740597e-002 9.865624e-002 -1.676164e+001 1.179167e+001
332 4.254684e-002 1.290396e-001 -1.706647e+001 1.116553e+001
333 1.022997e-002 1.685380e-001 -1.755965e+001 1.030862e+001
334 -2.807746e-002 2.186315e-001 -1.825527e+001 9.076647e+000
335 -6.736520e-002 2.717855e-001 -1.894015e+001 7.443787e+000
336 -8.192327e-002 3.465861e-001 -1.833995e+001 5.412327e+000
337 -1.077201e-001 4.042171e-001 -1.785365e+001 3.886220e+000
338 -1.430418e-001 4.378569e-001 -1.769744e+001 2.795029e+000
339 -1.702124e-001 4.637337e-001 -1.744791e+001 2.117525e+000
340 -2.141738e-001 4.724562e-001 -1.741627e+001 1.345043e+000
341 -2.594047e-001 4.800128e-001 -1.713096e+001 6.870075e-001
342 -3.018804e-001 4.931949e-001 -1.661278e+001 3.910511e-001
343 -3.504915e-001 5.082811e-001 -1.606596e+001 4.725679e-001
344 -4.102295e-001 5.229202e-001 -1.565016e+001 1.023144e+000
345 -4.635938e-001 5.078390e-001 -1.518958e+001 1.708327e+000
346 -8.336886e-001 2.537787e-001 -1.228028e+001 1.241951e+001
347 -8.718456e-001 2.021545e-001 -1.137595e+001 1.304862e+001
348 -5.123429e-001 -3.204925e-001 -1.404077e+001 8.754863e+000
349 -4.472516e-001 -3.070253e-001 -1.498757e+001 9.288941e+000
350 -3.818073e-001 -2.560821e-001 -1.578096e+001 1.045547e+001
351 -6.834314e-001 1.012265e-001 -1.020592e+001 1.155263e+001
352 -6.532690e-001 -1.290519e-001 -1.124029e+001 1.074021e+001
353 -2.913905e-002 -5.886633e-002 -1.834892e+001 1.318716e+001
354 -5.413200e-001 4.805768e-001 -1.471305e+001 3.375971e+000
355 -4.949163e-001 4.921778e-001 -1.484310e+001 2.339529e+000
356 -5.719616e-001 4.702116e-001 -1.467356e+001 4.200118e+000
357 -6.126909e-001 4.534407e-001 -1.467012e+001 5.442117e+000
358 -6.393479e-001 4.254724e-001 -1.428532e+001 6.444556e+000
359 -6.548578e-001 3.799514e-001 -1.334406e+001 7.459189e+000
360 -6.750585e-001 3.395499e-001 -1.264269e+001 8.521900e+000
361 -7.087265e-001 3.070169e-001 -1.241580e+001 9.649452e+000
362 -7.648396e-001 2.980387e-001 -1.281378e+001 1.091051e+001
363 -8.915924e-001 1.640985e-001 -1.070282e+001 1.317951e+001
364 -9.083633e-001 1.137857e-001 -9.956627e+000 1.305866e+001
365 -9.122723e-001 7.353556e-002 -9.506917e+000 1.277441e+001
366 -9.002931e-001 3.999375e-002 -9.329564e+000 1.238815e+001
367 -8.835474e-001 8.419050e-003 -9.279602e+000 1.198534e+001
368 -8.435242e-001 -1.478281e-002 -9.511508e+000 1.159189e+001
369 -7.944724e-001 -5.703819e-003 -9.893413e+000 1.150539e+001
370 -7.608045e-001 2.123051e-002 -1.013649e+001 1.158328e+001
371 -7.240346e-001 5.482276e-002 -1.026922e+001 1.163024e+001
372 -6.434082e-001 9.078564e-002 -1.001903e+001 1.172548e+001
373 -6.007464e-001 2.773113e-002 -1.046350e+001 1.222155e+001
374 -6.102015e-001 -2.899973e-002 -1.099064e+001 1.187686e+001
375 -6.242667e-001 -7.684777e-002 -1.123719e+001 1.138699e+001
376 -6.602295e-001 -1.829963e-001 -1.137374e+001 1.008275e+001
377 -6.207864e-001 -2.781239e-001 -1.225634e+001 8.951196e+000
378 -3.557052e-001 -1.882167e-001 -1.584887e+001 1.164962e+001
379 -3.527545e-001 -9.495531e-002 -1.553793e+001 1.330124e+001
380 -3.455670e-001 -3.026752e-002 -1.557183e+001 1.480401e+001
381 -3.184185e-001 1.546147e-002 -1.657033e+001 1.611064e+001
382 -2.575978e-001 4.587180e-002 -1.893893e+001 1.577132e+001
383 -1.925174e-001 4.502553e-002 -1.952812e+001 1.407926e+001
384 -1.212353e-001 -2.495908e-003 -1.877146e+001 1.314557e+001
385 -6.974229e-002 -3.566448e-002 -1.847856e+001 1.305191e+001
386 -4.428196e-003 -4.961176e-002 -1.817079e+001 1.323137e+001
387 2.609329e-002 -1.011336e-002 -1.777592e+001 1.304788e+001
388 4.957136e-002 2.027002e-002 -1.736272e+001 1.281924e+001
389 6.888880e-002 5.366267e-002 -1.695491e+001 1.248475e+001
390 7.263947e-002 9.225974e-002 -1.670442e+001 1.192269e+001
391 4.935039e-002 1.207242e-001 -1.697647e+001 1.133869e+001
392 1.907459e-002 1.577279e-001 -1.741349e+001 1.055030e+001
393 -1.806126e-002 2.050802e-001 -1.806894e+001 9.433129e+000
394 -5.765983e-002 2.586547e-001 -1.878588e+001 7.883474e+000
395 -8.192327e-002 3.245443e-001 -1.866960e+001 5.915919e+000
396 -9.740135e-002 3.943898e-001 -1.785410e+001 4.230266e+000
397 -1.351044e-001 4.302974e-001 -1.774789e+001 3.025636e+000
398 -1.641067e-001 4.579187e-001 -1.751658e+001 2.261382e+000
399 -2.002527e-001 4.724562e-001 -1.740741e+001 1.572704e+000
400 -2.496650e-001 4.769902e-001 -1.723467e+001 8.043150e-001
401 -2.907339e-001 4.897357e-001 -1.675388e+001 4.346963e-001
402 -3.377350e-001 5.043222e-001 -1.619642e+001 4.097415e-001
403 -3.939882e-001 5.194399e-001 -1.572626e+001 8.432557e-001
404 -4.519929e-001 5.159597e-001 -1.535979e+001 1.539176e+000
405 -8.225416e-001 2.688599e-001 -1.255046e+001 1.217398e+001
406 -8.632710e-001 2.137555e-001 -1.158601e+001 1.292430e+001
407 -5.313584e-001 -3.244267e-001 -1.375406e+001 8.607968e+000
408 -4.618789e-001 -3.100516e-001 -1.476765e+001 9.148696e+000
409 -3.992087e-001 -2.746436e-001 -1.559947e+001 1.007235e+001
410 -6.915520e-001 9.194573e-002 -1.024116e+001 1.158630e+001
411 -6.474685e-001 -1.186111e-001 -1.125171e+001 1.087738e+001
412 -3.725970e-002 -5.422596e-002 -1.837133e+001 1.314451e+001
413 -5.320393e-001 4.828970e-001 -1.472146e+001 3.143256e+000
414 -5.134778e-001 4.875374e-001 -1.476587e+001 2.765333e+000
415 -5.942556e-001 4.610318e-001 -1.463880e+001 4.841718e+000
416 -6.298401e-001 4.463793e-001 -1.468182e+001 5.971579e+000
417 -6.463084e-001 3.999504e-001 -1.373920e+001 6.963695e+000
418 -6.639368e-001 3.617934e-001 -1.301082e+001 7.943921e+000
419 -6.868612e-001 3.159445e-001 -1.231012e+001 9.118027e+000
420 -7.339459e-001 3.029817e-001 -1.261413e+001 1.021436e+001
421 -7.976249e-001 2.927931e-001 -1.292062e+001 1.161528e+001
422 -9.007723e-001 1.365589e-001 -1.028725e+001 1.311664e+001
423 -9.154247e-001 9.260144e-002 -9.663227e+000 1.297331e+001
424 -9.057153e-001 5.517583e-002 -9.401142e+000 1.255575e+001
425 -8.952492e-001 2.587088e-002 -9.281760e+000 1.221763e+001
426 -8.696263e-001 -1.014243e-002 -9.309434e+000 1.174108e+001
427 -8.133618e-001 -1.478281e-002 -9.746250e+000 1.149316e+001
428 -7.793408e-001 6.401498e-003 -1.001698e+001 1.154619e+001
429 -7.411334e-001 3.696742e-002 -1.022508e+001 1.161247e+001
430 -7.077933e-001 7.338425e-002 -1.027196e+001 1.162054e+001
431 -6.062852e-001 5.830304e-002 -1.013381e+001 1.215237e+001
432 -6.057355e-001 -2.203897e-003 -1.076509e+001 1.207273e+001
433 -6.144931e-001 -5.474916e-002 -1.116535e+001 1.164652e+001
434 -6.358676e-001 -9.772944e-002 -1.125317e+001 1.112022e+001
435 -6.579093e-001 -2.340403e-001 -1.158718e+001 9.454028e+000
436 -5.720625e-001 -3.198872e-001 -1.309609e+001 8.518074e+000
437 -3.557052e-001 -1.348524e-001 -1.562870e+001 1.253918e+001
438 -3.488203e-001 -5.954726e-002 -1.552927e+001 1.406753e+001
439 -3.425406e-001 -3.030561e-003 -1.565124e+001 1.560474e+001
440 -2.872644e-001 3.103851e-002 -1.779945e+001 1.616206e+001
441 -2.284271e-001 6.045716e-002 -1.978072e+001 1.506843e+001
442 -1.543615e-001 1.958822e-002 -1.906902e+001 1.344624e+001
443 -8.978567e-002 -2.346232e-002 -1.857405e+001 1.304697e+001
444 -5.350099e-002 -4.494522e-002 -1.841528e+001 1.309070e+001
445 1.227830e-002 -2.799158e-002 -1.796654e+001 1.313955e+001
446 3.894445e-002 6.517545e-003 -1.756088e+001 1.293333e+001
447 5.945686e-002 3.306303e-002 -1.716643e+001 1.270185e+001
448 7.816954e-002 7.686453e-002 -1.669892e+001 1.219269e+001
449 6.217247e-002 1.050527e-001 -1.682262e+001 1.165854e+001
450 3.574329e-002 1.373551e-001 -1.716417e+001 1.098714e+001
451 1.385351e-003 1.793481e-001 -1.771662e+001 1.005589e+001
452 -3.809366e-002 2.321828e-001 -1.844035e+001 8.697332e+000
453 -7.707058e-002 2.849163e-001 -1.908031e+001 6.977473e+000
454 -8.192327e-002 3.686279e-001 -1.800096e+001 4.963040e+000
455 -1.180388e-001 4.140445e-001 -1.782912e+001 3.555702e+000
456 -1.509793e-001 4.454164e-001 -1.764207e+001 2.577299e+000
457 -1.763182e-001 4.695487e-001 -1.737676e+001 1.981583e+000
458 -2.280950e-001 4.724562e-001 -1.739289e+001 1.122910e+000
459 -2.691444e-001 4.830355e-001 -1.701900e+001 5.871298e-001
460 -3.130269e-001 4.966542e-001 -1.647225e+001 3.699845e-001
461 -3.632480e-001 5.122401e-001 -1.595377e+001 5.619399e-001
462 -4.264708e-001 5.264005e-001 -1.560691e+001 1.225038e+000
463 -4.751947e-001 4.997184e-001 -1.501195e+001 1.902469e+000
464 -8.448356e-001 2.386975e-001 -1.200653e+001 1.262983e+001
465 -8.804202e-001 1.905536e-001 -1.116089e+001 1.315670e+001
466 -4.933275e-001 -3.165583e-001 -1.433235e+001 8.902272e+000
467 -4.326244e-001 -3.039990e-001 -1.520920e+001 9.441433e+000
468 -3.644059e-001 -2.375206e-001 -1.596445e+001 1.083843e+001
469 -6.753107e-001 1.105072e-001 -1.015568e+001 1.150512e+001
470 -6.590694e-001 -1.394928e-001 -1.122200e+001 1.059905e+001
471 -2.101840e-002 -6.350670e-002 -1.832782e+001 1.323950e+001
472 -5.506008e-001 4.782566e-001 -1.471112e+001 3.617186e+000
